version https://git-lfs.github.com/spec/v1
oid sha256:0702c03b84fc3054fa51cf99117890be005d79c2f08db079b7c21f158ff57265
size 15367
